5772017298626398
8128302430118746
2096100942742349
1352931942960213
5957734402574596
2176296530102185
9152983185617827
9364044432361221
9216363959843992
1070566302842923
9986209582169493
5541636086123721
2131301934758771
1189390369196500
7824355906998335
3975224405688878
8181788948588711
9558827285667507
8363268778496483
5168823546200073
7183643963574044
5308477325283205
2970638115754262
9782159937151139
6686038628741971
4897632187244463
5942068988379022
6119037302529570
0845421586641237
5598322661148873
8905984128536400
3848385134920367
0596305306924985
9729094805164983
6390399144540353
